# Matrix shape: (1, 8, 84)
        42        -54         57         -1          6         31          0         19
        38        -49         59          0         10         36          0         17
        36        -44         51         -9          8         37          2          9
        34        -44         47        -13          8         38          0         14
        34        -48         52        -12          6         39         -4         16
        29        -42         52        -14          8         45         -9          5
        23        -34         46        -17         13         50        -10         -2
        19        -31         36        -24         14         57         -8         -4
        20        -32         31        -31         11         57        -10         -4
        24        -33         35        -31          6         50        -13         -1
        26        -26         41        -27          4         44        -15         -3
        27        -18         39        -26          0         39          0        -19
        27        -12         34        -29         -4         34          9        -23
        27        -11         28        -20        -11         30          2        -25
        27        -10         29         -1        -11         32        -12        -18
        20        -12         27          6         -1         37        -16        -13
        14        -24         36          6         -1         40        -10        -33
         5        -21         56         16         10         42        -13        -34
        -5        -17         60         31         26         48          4        -25
       -21         -8         59         26         11         68         32        -11
       -19         -9         54          8        -21         59         61        -15
        -4        -28         43          3        -37         37         66        -10
        17        -54         49         15        -20         18         59          6
        29        -66         60         26         -2          5         54         11
        35        -68         68         31          7         -8         45         13
        37        -69         69         38         10        -13         43         14
        41        -70         86         48         23        -21         51         12
        38        -68         90         59         49        -20         48         10
        28        -69         79         80         75         -2         47          3
        19        -65         77         97         72         22         33         11
        18        -68         73         87         69         33         17         39
        13        -76         74         67         63         40          9         38
        14        -78         82         60         69         36         17         24
        14        -76         83         55         70         32         20         28
        16        -75         81         59         66         33         17         38
        16        -74         80         60         63         38         18         40
        15        -71         81         57         64         40         18         39
        16        -69         76         52         61         39         19         34
        17        -64         74         43         56         41         16         31
        18        -54         72         34         52         42         14         27
        15        -45         62         19         49         48         12         20
        12        -31         54         -1         29         53         17         18
        10        -17         41        -11          0         43         30          8
        17        -24         29          0        -20         24         25          8
        29        -38         35         22        -20          6         26         10
        35        -52         47         39         -5         -2         32         16
        37        -59         54         39          9         -8         40         12
        34        -55         54         31         18        -10         33          8
        36        -55         46         25         14        -13         26          4
        38        -53         38          5          1        -16         29        -20
        31        -40         44          1          3        -15         17        -35
        35        -33         57         34         35          4         12        -13
        38        -34         62         49         65         25         26         11
        33        -41         46         46         68         45         14         28
        30        -49         48         44         56         44          5         35
        30        -59         56         45         54         43          2         39
        29        -64         63         41         57         47          2         36
        23        -59         68         34         59         46          4         26
        15        -47         65         30         57         45          3         10
         9        -31         58         14         40         48         -1          4
         8        -19         50         -4         11         46          2         -6
        19         -9         41         -9        -18         38          2        -23
        25          1         33         -2        -13         42         13        -28
        32         -3         44         20          5         39         12         -2
        38        -21         38         36         19         41          1         14
        33        -32         34         42         26         35        -21         25
        31        -43         28         53         25         26        -43         38
        34        -48         16         43         21         23        -44         36
        39        -57          7         24         17         20        -44         32
        44        -65         16         16         19         21        -33         31
        37        -62         28          4         27         36        -18         16
        18        -42         35        -22         34         56          1         -3
         1        -24         38        -39         29         72          9         -8
         0        -15         40        -42         11         78          9         -7
        19        -20         41        -23         -4         61         12          8
        52        -45         45          5         -3         41         16         28
        68        -70         52          6         13         42         30         27
        55        -77         61          0         32         48         39         27
        42        -66         64          4         39         46         36         26
        26        -54         55         14         44         51         18         16
        22        -48         49         28         54         58          2         29
        22        -53         52         32         60         52        -13         48
        19        -54         47         30         54         42        -33         37
        11        -38         46         21         42         31        -30          7
