time 0
i:[ 21.65501229   3.80969891   6.13371684  -6.18605222  14.06115399
   8.69328369   5.27856337   0.82390328 -13.87055318  11.44313763
   3.80064273  -6.05972316   8.59363466   4.98081241  -0.93141602
   2.91166144]
acti_i:[1.         1.         1.         0.         1.         1.
 1.         0.70597582 0.         1.         1.         0.
 1.         1.         0.267146   1.        ]
f:[ 6.65144633  1.27025419 -1.48593793 -3.53577891  9.38646394  2.56340395
  0.79497538 -1.52715021 16.00033969  6.69144796  3.74355821 -3.76079559
 -2.83734314 -6.26943921  1.63969256 -5.69873619]
acti_f:[1.         0.81756355 0.12851552 0.         1.         1.
 0.69874385 0.11821245 1.         1.         1.         0.
 0.         0.         0.90992314 0.        ]
c:[  7.95107482   1.35644846   2.72977508   2.81850235   2.23669087
 -10.73744491   2.18372954   9.40417645  -0.36628061   0.70553546
  -3.27750327  -0.86871767   8.02071118  -3.61742051   2.18457289
   8.92393655]
acti_c:[ 1.          1.          1.          1.          1.          0.
  1.          1.         -0.36628061  0.70553546  0.         -0.86871767
  1.          0.          1.          1.        ]
o:[  1.49659681   2.56121548   5.14239598   2.94336774  -0.0717591
   6.27224249  -0.65542447   4.35865497  12.57535884   3.57597215
 -11.44153167   8.17976293   1.13783906   3.88549321   3.41936288
   2.44281916]
acti_o:[0.8741492  1.         1.         1.         0.48206022 1.
 0.33614388 1.         1.         1.         0.         1.
 0.78445977 1.         1.         1.        ]
cell_state:[1.         1.         1.         0.         1.         0.
 1.         0.70597582 0.         0.70553546 0.         0.
 1.         0.         0.267146   1.        ]
h_state:[0.8741492  1.         1.         0.         0.48206022 0.
 0.33614388 0.70597582 0.         0.70553546 0.         0.
 0.78445977 0.         0.267146   1.        ]
time 1
i:[ 13.9064532    2.65633724   4.59090468   3.04896403  10.63190599
   4.28600027   0.3844602   -2.56435329 -10.48721596  10.67778198
  13.45008633  -0.88165985   8.42554397   2.25928161  -0.21176866
  -3.53414811]
acti_i:[1.         1.         1.         1.         1.         1.
 0.59611505 0.         0.         1.         1.         0.27958504
 1.         1.         0.44705784 0.        ]
f:[ 2.75425095  5.6788824  -1.24807685  0.23255265 10.42089895  0.89712679
  6.12082966 -0.02985338 12.56261945  6.95552311 -0.85473884  1.6580739
  5.37326478 -2.15958227  9.43765596 -8.69511693]
acti_f:[1.         1.         0.18798079 0.55813816 1.         0.7242817
 1.         0.49253665 1.         1.         0.28631529 0.91451848
 1.         0.         1.         0.        ]
c:[  4.72070567  -1.19904125   0.05848321   6.35280012  -0.32983853
 -10.938866     5.60842362   6.90848239  -3.73670142  -0.96783984
   2.76380989  -0.83332013   7.84595453   1.15454223   1.01332607
  11.17411772]
acti_c:[ 1.          0.          0.05848321  1.         -0.32983853  0.
  1.          1.          0.         -0.96783984  1.         -0.83332013
  1.          1.          1.          1.        ]
o:[-2.9244678   7.69587247  4.58572709  5.65091018 -4.55216196  3.35798727
  1.65592463 -1.24052211 14.07021047  8.51907541 -9.81157602 10.1160959
  5.99093956  1.49322195  4.67144452  2.79860212]
acti_o:[0.         1.         1.         1.         0.         1.
 0.91398116 0.18986947 1.         1.         0.         1.
 1.         0.87330549 1.         1.        ]
cell_state:[ 2.          1.          0.24646399  1.          0.67016147  0.
  1.59611505  0.34771897  0.         -0.26230437  1.         -0.23298384
  2.          1.          0.71420383  0.        ]
h_state:[ 0.          1.          0.24646399  1.          0.          0.
  0.91398116  0.06602122  0.         -0.26230437  0.         -0.23298384
  1.          0.87330549  0.71420383  0.        ]
time 2
i:[-1.86229236  3.91793137  6.45116655 -7.73978531 -1.71725623 -5.15887296
  0.19774874  5.28941047 -7.13175282 12.06005186  6.11739877 -5.44959258
  4.79755372  1.22698281  5.44407845  7.40028054]
acti_i:[0.03442691 1.         1.         0.         0.07068594 0.
 0.54943719 1.         0.         1.         1.         0.
 1.         0.8067457  1.         1.        ]
f:[ 10.3321673  -13.63529539   5.06848784  -1.91430269   2.5896627
   6.42556828 -11.6055367   -5.5158795    4.55781549   1.20261642
  11.65248549   3.2710057   -6.54269981   1.7771293    5.27453322
  -6.74351139]
acti_f:[1.         0.         1.         0.02142433 1.         1.
 0.         0.         1.         0.80065411 1.         1.
 0.         0.94428233 1.         0.        ]
c:[ 0.03552787  0.08223003  2.9264689  -4.46670979  9.00701051 -4.04853052
  0.34327289  3.10695983  1.52806766  1.83369197 -3.47511401 -0.89011456
  4.44370973 -6.08106023 -3.8841883   6.55264977]
acti_c:[ 0.03552787  0.08223003  1.          0.          1.          0.
  0.34327289  1.          1.          1.          0.         -0.89011456
  1.          0.          0.          1.        ]
o:[ 8.37741165 -0.06524081 11.64828651 -5.58668239  9.31944922  3.04665203
  3.31843606  7.49839384  3.18232651 -0.19821856 -1.63181661  3.15956002
 -8.91696844  9.78704133  4.09080281  5.9047186 ]
acti_o:[1.         0.4836898  1.         0.         1.         1.
 1.         1.         1.         0.45044536 0.09204585 1.
 0.         1.         1.         1.        ]
cell_state:[ 2.00122311  0.08223003  1.24646399  0.02142433  0.74084742  0.
  0.18860689  1.          0.          0.78998493  1.         -0.23298384
  1.          0.94428233  0.71420383  1.        ]
h_state:[ 1.          0.03977383  1.          0.          0.74084742  0.
  0.18860689  1.          0.          0.35584504  0.09204585 -0.23298384
  0.          0.94428233  0.71420383  1.        ]
time 3
i:[  9.80077879   5.63346462   2.74124903 -11.27845006   5.36241036
   1.78413716   6.94800281   3.99153187  -2.08048004  13.7380274
  -1.73138603  -5.12456475   2.20548451   4.32914049  -1.41249034
  10.31556712]
acti_i:[1.         1.         1.         0.         1.         0.94603429
 1.         1.         0.         1.         0.06715349 0.
 1.         1.         0.14687741 1.        ]
f:[ 4.98924935 -9.19047929  0.45033318 -3.04503467  5.91298158  5.55334443
 -6.55483567  2.2047099   7.7704292  -2.10573979 11.83211407 -0.67199367
 -8.28841634 -3.03576186  3.05402863  2.97128067]
acti_f:[1.         0.         0.6125833  0.         1.         1.
 0.         1.         1.         0.         1.         0.33200158
 0.         0.         1.         1.        ]
c:[  3.51667589   0.04658628   3.95939022  -2.87252059   5.93929869
  -7.42576155  -3.84038665   7.2305567    5.23839926   0.32338041
 -11.12675289   2.51061849   0.94238478  -6.43758394   0.08472955
   9.2115347 ]
acti_c:[1.         0.04658628 1.         0.         1.         0.
 0.         1.         1.         0.32338041 0.         1.
 0.94238478 0.         0.08472955 1.        ]
o:[ 6.74080388 -6.67322032  2.92644391 -3.65122777  6.53225837  6.04779149
  0.08770346  7.45296229  4.89583555 -5.92906563  3.93618636  3.46508198
 -6.38995774  5.89963807  0.30657215  4.61937366]
acti_o:[1.         0.         1.         0.         1.         1.
 0.52192587 1.         1.         0.         1.         1.
 0.         1.         0.57664304 1.        ]
cell_state:[ 3.00122311  0.04658628  1.76356302  0.          1.74084742  0.
  0.          2.          0.          0.32338041  1.         -0.077351
  0.94238478  0.          0.72664869  2.        ]
h_state:[ 1.          0.          1.          0.          1.          0.
  0.          1.          0.          0.          1.         -0.077351
  0.          0.          0.41901691  1.        ]
time 4
i:[12.00011347  7.74449331  2.50490258  4.89385234  3.36546522 -5.4068488
  5.86937176 -4.48365221 -3.04245061 19.65960741 17.98523356  0.19311396
  6.83373081 -4.80419384  0.39941369 -4.88550633]
acti_i:[1.         1.         1.         1.         1.         0.
 1.         0.         0.         1.         1.         0.54827849
 1.         0.         0.59985342 0.        ]
f:[-5.02972311  1.89495143 -5.04908712  7.94041485 14.31387516 -0.85384041
  5.62518617  1.59595429 11.752334    3.82713228  2.20090634  6.09356345
  6.85867726 -3.10905035 17.59320328 -6.25997129]
acti_f:[0.         0.97373786 0.         1.         1.         0.2865399
 1.         0.89898857 1.         1.         1.         1.
 1.         0.         1.         0.        ]
c:[ -0.26622096  -9.61591761  -6.50452644   5.95663425   5.07332006
 -15.406787     9.42516029  10.18195606  -5.45376014  -6.77974521
  -1.96604633   0.48302719   3.33559372   3.366729     5.93080605
  18.01161142]
acti_c:[-0.26622096  0.          0.          1.          1.          0.
  1.          1.          0.          0.          0.          0.48302719
  1.          1.          1.          1.        ]
o:[-5.30799311  6.04919137  1.60353122  2.84186438 -5.48361164 -0.52190732
  8.26366063 -3.05807957 13.29300295  4.34388088 -1.60464642 11.96679649
  4.85243762  3.14707105  4.72481942  5.56764691]
acti_o:[0.         1.         0.9008828  1.         0.         0.36952317
 1.         0.         1.         1.         0.09883839 1.
 1.         1.         1.         1.        ]
cell_state:[-0.26622096  0.04536282  0.          1.          2.74084742  0.
  1.          1.79797714  0.          0.32338041  1.          0.18748242
  1.94238478  0.          1.32650211  0.        ]
h_state:[-0.          0.04536282  0.          1.          0.          0.
  1.          0.          0.          0.32338041  0.09883839  0.18748242
  1.          0.          1.          0.        ]
